0.148919
0.07191986
0.12259103
0.18421485
0.11145884
0.022404015
0.09522013
0.09235339
0.19282657
0.17591316
0.21676524
0.030269042
0.04030694
0.17593865
0.17453465
0.18498641
0.18273357
0.15539414
0.04906547
0.13554116
0.14256307
0.012640119
0.04570183
0.116181284
0.03258775
0.15304254
0.03036265
0.076209605
0.24780853
0.11496127
0.03460197
0.018723592
0.12637661
0.16866642
0.070690215
0.09088975
0.24627185
0.09014635
0.052566245
0.03343779
0.17195877
0.21699904
0.14926833
0.031318814
0.18761684
0.19239785
0.22577347
0.055637136
0.027682513
0.16370347
0.11226088
0.23639035
0.037900627
0.17177767
0.047656357
0.22874917
0.09942481
0.033964932
0.14117481
0.10273947
0.19782804
0.18047786
0.1365088
0.07758023
0.09831114
0.2093891
0.18564066
0.240558
0.09758745
0.06733993
0.082096815
0.07431756
0.243566
0.1205748
0.16920662
0.10161047
0.1222731
0.08705883
0.055750176
0.088814795
0.14069563
0.054692373
0.2057329
0.09752457
0.037182882
0.19137636
0.08814722
0.090966165
0.06251918
0.029674515
0.15699092
0.24034648
0.22412567
0.1557507
0.18780479
0.14704727
0.20944159
0.08921434
0.11915204
0.23407939
0.15828083
0.076483056
0.031146646
0.18378487
0.22580066
0.095665485
0.0969931
0.22546495
0.15012327
8.842349E-5
0.051946864
0.1836155
0.05112274
0.14115235
0.20985074
0.08462067
0.19846027
0.118817404
0.14393178
0.1721025
0.08868623
0.060723737
0.022624925
0.13131231
0.09872231
0.083667144
0.11537254
0.06380312
0.17891866
0.21522106
0.008460954
0.15061918
0.22530845
0.04896353
0.24861155
0.14601251
0.22184289
0.21568272
0.22713304
0.1025406
0.15800698
0.070654064
0.07064021
0.20075813
0.0010395944
0.08556919
0.044606775
0.123695955
0.050295815
0.18381895
0.23308136
0.24417855
0.07140809
0.0018686503
0.12477565
0.24568649
0.09167266
0.13359082
0.23122908
0.09899211
0.23438394
0.22123097
0.24394706
0.21391536
0.09707281
0.07766631
0.062159285
0.010146484
0.13721177
0.082678005
0.21229537
0.1327039
0.16390386
0.11790067
0.081348896
0.015936702
0.14737347
0.08415161
0.084205285
0.13739516
0.22125906
0.0030944794
0.0157274
0.046889484
0.11933616
0.20618552
0.1511957
0.15180193
0.15646718
0.025014386
0.07863352
0.24253389
0.23841181
0.1523255
0.18694477
0.029835224
0.041295126
0.004932821
0.15876092
0.0018126816
0.045709193
0.24257249
0.053829342
0.0034396648
0.0438395
0.088529065
0.12085123
0.066336736
0.018911421
0.08308649
0.08434689
0.115066364
0.15242736
0.08286293
0.110627905
0.22694398
0.20592636
0.09266384
0.118805826
0.2018294
0.10469179
0.030313715
0.15026468
0.043096915
0.13233425
0.24408923
0.21275014
0.020220816
0.15839572
0.12087177
0.24354246
0.021537587
0.028996572
0.22636336
0.073726505
0.0047998875
0.0605489
0.14597596
0.18177304
0.0153158605
0.1031916
0.15202056
0.24720795
0.19162609
0.01789543
0.2442103
0.0025541931
0.1768169
0.105207324
0.17227605
0.19575456
0.007371068
0.14494541
0.18160366
0.10346937
0.12873593
0.0724484
0.17158002
0.20382297
0.17802353
0.01538229
0.09702164
0.101956725
0.10508305
0.11480436
0.09230669
0.24302799
0.19689195
0.06889811
0.02619557
0.16074601
0.1602482
0.18827714
0.13976873
0.04911554
0.1102134
0.22829235
0.0963029
0.16549806
0.14791614
0.23868132
0.13752364
0.19242315
0.08009316
0.16101533
0.056695357
0.097580686
0.033193514
0.13360694
0.14302547
0.11818446
0.01872778
0.17524593
0.030364618
0.1902757
0.22069512
0.18877445
0.09407699
0.24167706
0.054905742
0.023063347
0.0350426
0.24113622
0.20853312
0.08441296
0.23724903
0.20591755
0.1936331
0.14230658
0.18245205
0.026699156
0.013163522
0.058358
0.14046001
0.09637579
0.012397677
0.10431036
0.019155204
0.12830676
0.20286581
0.20519136
0.21324617
0.00801
0.10306367
0.24686505
0.22269213
0.12940295
0.028266981
0.0049352795
0.09990324
0.12481716
0.21667989
0.16046815
0.06225708
0.08534305
0.0467678
0.10056542
0.072643906
0.15104824
0.19958791
0.111218765
0.17403042
0.14649263
0.053989694
0.090920985
0.13418978
0.026255265
0.07313305
0.12555183
0.03746526
0.23418987
0.059432134
0.20446786
0.19180538
0.11341727
0.006008774
0.08041702
0.07032195
0.22700667
0.22541587
0.16980985
0.13768148
0.22053497
0.20780702
0.23747818
0.23705049
0.21166833
0.128084
0.15084474
0.21378836
0.15128899
0.18469986
0.23144227
0.23723994
0.2389773
0.14674313
0.018027186
0.1528446
0.22962375
0.09334411
0.070722386
0.20828529
0.20013572
0.24314874
0.23232633
0.020885348
0.15644974
0.107078984
0.2332977
0.18916684
0.15297273
0.105474144
0.22515644
0.19106404
0.13404907
0.019278169
0.19185404
0.10029364
0.18075596
0.10264887
0.1158102
0.20278446
0.18522443
0.0023205727
0.18007162
0.19773121
0.15850386
0.2235132
0.16773908
0.15503569
0.24974902
0.017060801
0.21627252
0.108816326
0.13301319
0.16180675
0.04640186
0.2478901
0.21025546
0.076908424
0.081548706
0.15015489
0.1431782
0.20239434
0.20434228
0.12152518
0.23334375
0.16266616
0.10696171
0.168306
0.21660163
0.06632975
0.08365822
0.24784246
0.2093939
0.059130713
0.008438677
0.1280745
0.22698364
0.13236731
0.04208961
0.05578284
0.13633601
0.24212624
0.118585095
0.10326588
0.0343242
0.2203539
0.22657926
0.21777491
0.018461093
0.18511833
0.20179254
0.20000112
0.106585234
0.14756837
0.037349924
0.09140344
0.24124813
0.077848
0.10274081
0.013246596
0.137133
0.052523166
0.096293196
0.19734846
0.18713816
0.20552853
0.018676713
0.23308238
0.02701749
0.022002041
0.005780101
0.07191999
0.07520358
0.12606372
0.2026975
0.22841458
0.24494417
0.10618058
0.15788035
0.11010219
0.13974138
0.05447516
0.14867555
0.09233101
0.01065512
0.11356071
0.17941648
0.11292055
0.05896072
0.018266574
0.028430894
0.23510663
0.2193602
0.14214778
0.02528122
0.17115875
0.0051414073
0.1348073
0.09829222
0.15798381
0.035845116
0.12580842
0.011010811
0.0059773177
0.061906666
0.03198266
0.21528174
0.03328447
0.13693245
0.005069807
0.20573397
0.19582412
0.042583764
0.2363376
0.002818644
0.15415528
0.17008275
0.21975563
0.08830561
0.09817676
0.19601911
0.0387311
0.08205524
0.20030338
0.12409651
0.06680137
0.20268653
0.22412051
0.15266876
0.16612208
0.13774453
0.0944498
0.22511464
0.07035123
0.23344444
0.09354004
0.24430372
0.039523885
0.16688225
0.2479089
0.1774134
0.12281135
0.20862892
0.18879165
0.025248498
0.2323928
0.064275876
0.21269648
0.06385134
0.024918646
0.17521243
0.035122856
0.18171516
0.21075688
0.23166272
0.17187591
0.0052494705
0.18008205
0.1817908
0.16681926
0.03849882
0.036245227
0.15603335
0.059470758
0.0014725327
0.0832624
0.24430227
0.03908357
0.05906944
0.19584371
0.13841155
0.15620382
0.23952752
0.13747978
0.1631497
0.0669902
0.085923925
0.08768147
0.06650077
0.007566914
0.055607513
0.23167181
0.10430111
0.16450877
0.08295536
0.19044395
0.0633273
0.20628223
0.17868231
0.17207333
0.0026952922
0.16855279
0.07055168
0.075111285
0.009293988
0.22208525
0.11297381
0.22554837
0.0935934
0.11528543
0.03715293
0.18163724
0.076903805
0.04794085
0.035453007
0.20737678
0.22639492
0.2385019
0.11807713
0.17991224
0.035820574
0.21329837
0.1423567
0.22788326
0.065875426
0.032808587
0.003566578
0.0138949305
0.18090546
0.19179803
0.22564557
0.15199345
0.08780573
0.017531604
0.12321229
0.14015068
0.057400465
0.15296037
0.14631255
0.023311704
0.17947644
0.2008136
0.15318096
0.017200708
0.20552601
0.12482172
0.046497673
0.1596373
0.16077873
0.17719436
0.055999905
0.08006495
0.17141816
0.19722316
0.10647872
0.08997068
0.14818195
0.046122283
0.19004709
0.24517186
0.032551423
0.15351701
0.15577921
0.22400856
0.1422001
0.16330607
0.01734902
0.18441263
0.16357638
0.12182376
0.23987278
0.123886526
0.028754339
0.1315915
0.09380674
0.18353277
0.17284717
0.2356544
0.07526106
0.23449995
0.09621495
0.15313594
0.09555006
0.10928306
0.12082191
0.13770695
0.19606395
0.17311895
0.18284622
0.15005395
0.118762895
0.10179207
0.038990065
0.1999527
0.0046848655
0.18121019
0.18387912
0.16641998
0.13802758
0.083477065
0.15201364
0.06774703
0.1375996
0.101388216
0.1135018
0.24053948
0.0700039
0.03347507
0.06636518
0.065630764
0.044866905
0.0102413595
0.23468398
0.18273775
0.115087956
0.2170551
0.025903314
0.12773296
0.20856948
0.16341177
0.1889416
0.010566592
0.18958944
0.18276317
0.14854787
0.23624195
0.24106848
0.19275658
0.07889971
0.18029077
0.06492032
0.09615561
0.09849906
0.11728087
0.20869064
0.036677092
0.07882568
0.21079288
0.04830581
0.11789161
0.16529159
0.15470572
0.17026602
0.13377465
0.12218256
0.07362214
0.17160839
0.055685163
0.21438238
0.1388379
0.102795795
0.21687733
0.040691033
0.07081348
0.15099856
0.17415714
0.19394144
0.06894988
0.10845333
0.1091782
0.20639102
0.090316236
0.09041074
0.08398168
0.079048544
0.025441706
0.058107868
0.24673611
0.006758034
0.11739674
0.025990218
0.051887423
0.05759409
0.1200781
0.1266093
0.23191191
0.113056466
0.18921757
0.19706786
0.12605259
0.1618409
0.22039934
0.01418373
0.0604482
0.23380156
0.108946055
0.1315908
0.15722336
0.17582406
0.027476415
0.026463225
0.010847315
0.12845357
0.18520787
3.9331615E-4
0.11448948
0.0015493929
0.16454986
0.10290967
0.038462713
0.09128207
0.032476947
0.22520919
0.04606618
0.24629694
0.2077729
0.08969124
0.12829082
0.15171574
0.05808042
0.019907072
0.11966047
0.09924352
0.05927463
0.048431695
0.17983507
0.12543169
0.17189847
0.15307292
0.14404078
0.09808983
0.22706449
0.1766761
0.12461151
0.13994093
0.23555079
0.24276876
0.07328232
0.14541018
0.1859193
0.23940323
0.1118747
0.09949097
0.06888801
0.08106436
0.2278268
0.120039046
0.048325226
0.023463577
0.24096523
0.24673304
0.202943
0.08676873
0.08197345
0.14096655
0.024791598
0.22843324
0.2193147
0.022791475
0.010148555
0.24968094
0.21570916
0.22993584
0.09840965
0.14804791
0.23359148
0.07312441
0.10459007
0.1086345
0.15988974
0.034218535
0.22939903
0.22611731
0.23773018
0.24387938
0.2373374
0.1486275
0.12769936
0.16289002
0.24156576
0.0896194
0.03565991
0.012324542
0.06448826
0.009410754
0.022044465
0.058334738
0.07409048
0.21953492
0.21843185
0.24537562
0.13845551
0.06904827
0.13807939
0.16968204
0.058871314
0.016906828
0.20514266
0.23224044
0.0162438
0.051170394
0.14241393
0.01640676
0.055765867
0.15759522
0.08456145
0.0907678
0.24198645
0.05390644
0.20571972
0.028423905
0.14550775
0.054247484
0.1596893
0.15221387
0.14485122
0.06181465
0.09343059
0.07366566
0.1428177
0.20811452
0.06061536
0.03582914
0.14757404
0.07951927
0.08002277
0.085348904
0.20028558
0.23651776
0.011981025
0.082920834
0.10534266
0.01721996
0.24596494
0.17892523
0.22696897
0.15400817
0.070123255
0.12985982
0.08952777
0.113756195
0.04284361
0.10305086
0.2443356
0.066556945
0.13154031
0.010878637
0.24584664
0.002489403
0.22139792
0.049822137
0.14617105
0.058479488
0.008708194
0.19444603
0.14194505
0.008908123
0.059239447
0.006992936
0.11837964
0.21121718
0.12147303
0.0715058
0.12509601
0.16656671
0.049885273
0.21892357
0.20922586
0.14158893
0.11225474
0.12993206
0.1367393
0.2497355
0.07239938
0.18360648
0.2204951
0.18467228
0.21111925
0.06718002
0.17692353
0.096970424
0.051415548
0.20027226
0.21529646
0.12308581
0.20241162
0.062300637
0.17836303
0.13970298
0.24060592
0.04580003
0.008787572
0.18011828
0.12808944
0.19923985
0.18678463
0.103906006
0.018763214
0.1484397
0.023969889
0.098885864
0.15415569
0.15565702
0.20151488
0.07090865
0.22658013
0.14419909
0.105885
0.023498565
0.0756627
0.24537492
0.057846084
0.21551405
0.09393853
0.19465737
0.044036433
0.0810771
0.2426434
0.22801192
0.08061983
0.08571543
0.21206154
0.1649366
0.15466805
0.03538634
0.0040233433
0.22635044
0.1566799
0.24851196
0.042235523
0.20709671
0.07164946
0.14383708
0.0890768
0.12055874
0.1123714
5.926192E-4
0.12297474
0.21731478
0.13715039
0.14965716
0.17631264
0.16851108
0.09110123
0.1309872
0.19048002
0.03486781
0.22102983
0.18014403
0.2378101
0.08314042
0.00512515
0.1751753
0.11303407
0.12715848
0.18092316
0.20008461
0.09297219
0.13100949
0.08518967
0.2165999
0.108578935
0.10780743
0.003378734
0.08666511
0.20942396
0.0011011213
0.07143244
0.07204948
0.16613796
0.014180258
0.19007748
0.098491594
0.15035543
0.22920501
0.1790327
0.14195244
0.17597246
0.076626435
0.17216347
0.006704107
0.18699342
0.101218164
0.13250346
0.06527074
0.24040449
0.24417776
0.20001924
0.19059034
0.22208393
0.19817765
0.043230608
0.09138408
0.23709093
0.240487
0.0154397935
0.07359181
0.055276632
0.086909354
0.20588866
0.018124193
0.18919972
0.15938346
0.16809008
0.13814376
0.164125
0.10280268
0.010701716
0.14594828
0.11241764
0.07158004
0.08837512
0.15940168
0.07505055
0.2154113
0.11016764
0.21313366
0.0070105195
0.052787274
0.22440886
0.2385811
0.057067126
0.11333141
0.24082716
0.20583057
0.044259384
0.20877303
0.19163658
0.19637357
0.037320286
0.1421238
0.18293451
0.02982767
0.010513186
0.16475213
0.21984741
0.15570053
0.061569974
0.077922985
0.24347419
0.03796482
0.21882612
0.10489851
0.21380806
0.20092843
0.054628715
0.1698156
0.120868936
0.07827042
0.12768957
0.042743072
0.22055474
0.09759164
0.07546522
0.18607305
0.052937016
0.06310563
0.06872146
0.074753776
0.018500179
0.19265682
0.20919287
0.102887034
0.0131816715
0.05886513
0.030342296
0.16749002
0.1609438
0.040410563
0.19348505
0.07938413
0.15433447
0.05911474
0.12244548
0.0533818
0.11931734
0.0131638795
0.09009366
0.21938469
0.20222384
0.18143792
0.15786052
0.061404556
0.17955491
0.15914068
0.033094823
0.078623384
0.077503204
0.019719273
0.23001139
0.186704
0.19834585
0.11215386
0.06424543
0.1859634
0.16754901
0.039109826
0.24258798
0.15757106
0.22470966
0.18897146
0.05240625
0.00851278
0.1359258
0.22049955
0.056277722
0.1890748
0.08632739
0.18063657
0.18837221
0.053491145
0.19221711
0.14496489
0.009644628
0.020132497
0.079369694
0.003428474
0.04864806
0.16419725
0.100732714
0.10636428
0.046097443
0.21482871
0.13518146
0.07363911
0.23171668
0.033491626
0.1326291
0.15202202
0.036553696
0.06939122
0.017114148
0.007887334
0.08817029
0.025835961
0.1623171
0.17727116
0.12788576
0.053389877
0.2260414
0.027305245
0.091709
0.06812048
0.17568174
0.08951858
0.07052551
0.0274449
0.11365004
0.00960429
0.18145901
0.14026196
0.09460166
0.111450344
0.23470792
0.020014644
0.2184676
0.23776548
0.19732168
0.018870011
0.02953127
0.011013329
0.16374986
0.112678275
0.05076942
0.0378965
0.079138055
0.15115587
0.099496484
0.17788884
0.0344889
0.22673735
0.20900217
0.18166053
0.057337135
0.11169779
0.056755215
0.0123167485
0.04954818
0.07393059
0.0621676
0.15060443
0.12743416
0.021678403
0.12158704
0.052333668
0.0734462
0.23058966
0.029729202
0.12070115
0.17325464
0.08877468
0.17120129
0.13975635
0.24473746
0.21765935
0.23303637
0.07546964
0.18408218
0.056007475
0.2355913
0.21357135
0.0993475
0.11866376
0.23000446
0.045146868
0.099062964
0.0795473
0.13231249
0.021784946
0.17605714
0.14392066
0.17784624
0.097560436
0.15814696
0.13872503
0.021625087
0.15924186
0.1436948
0.15208983
0.09701875
0.123586744
0.24260564
0.016310468
0.18321754
0.11943959
0.19101071
0.21948625
0.18323195
0.16637824
0.049738467
0.17349884
0.15581474
0.24294452
0.004436463
0.15349787
0.083359
0.038904756
0.06576495
0.23198475
0.04137546
0.053659067
0.12597358
0.1289178
0.21539514
0.008777738
0.17809646
0.015004724
0.006296098
0.24689403
0.08330868
0.13503447
0.07223101
0.15281266
0.15319163
0.19029464
0.06306377
0.029967725
0.16691868
0.15691863
0.0039381683
0.096333265
0.09902169
5.3440034E-4
0.087138936
0.11688402
0.09440814
0.22650458
0.22350807
0.003833294
0.18180655
0.111042485
0.21549894
0.19353336
0.050611526
0.16778328
0.22654352
0.12828453
0.025129884
2.3435056E-4
0.03523588
0.098816365
0.22309731
0.025708854
0.20626938
0.20611683
0.1358012
0.065673545
0.052878454
0.0601072
0.21662606
0.060265005
0.13141239
0.003694266
0.12490517
0.21742095
0.087694764
0.07855362
0.12684391
0.05554658
0.18599254
0.1289731
0.1743632
0.18082751
0.20513341
0.23085354
0.083033174
0.03868188
0.24687684
0.06895089
0.13902949
0.0329172
0.09977375
0.23935288
0.23209612
0.07495482
0.24706377
0.04950267
0.121853724
0.15007186
0.2006807
0.16157706
0.18111303
0.10358147
0.14009948
0.23924866
0.06496461
0.24985643
0.20589802
0.2136385
0.093795165
0.05325386
0.24377055
0.033209443
0.1126633
0.0665122
0.0069640726
0.06935541
0.19694327
0.2277846
0.24927467
0.15517841
0.22326325
0.1578982
0.038797155
0.21837159
0.14662679
0.17996924
0.13544
0.10997759
0.23547235
0.15147495
0.23507266
0.122085184
0.030214101
0.24612843
0.12624541
0.09806152
0.0815859
0.14830168
0.23430239
0.22577417
0.23961312
0.09470101
0.17388777
0.12529579
0.0841434
0.016957924
0.017226636
0.11894868
0.043122426
0.049729154
0.23894997
0.20015997
0.02489981
0.17380202
0.011842683
0.03366582
0.15814668
0.08411008
0.12384091
0.20911144
0.18497114
0.16204369
0.12841852
0.18230976
0.23469602
0.23808484
0.04561226
0.04839541
0.07283698
0.15973477
0.18317872
0.16217043
0.15006779
0.055592343
0.009499192
0.11719757
0.08251724
0.21597147
0.2359996
0.04404612
0.13839969
0.19483826
0.11509007
0.092709824
0.10768731
0.03535387
0.004413858
0.066051096
0.034887344
0.1597106
0.1928988
0.012415618
0.17875619
0.003062442
0.22350018
0.07182616
0.053374857
0.1155206
0.13029511
0.082700804
0.23900384
0.11678837
0.09882112
0.21443085
0.037756026
0.24595486
0.15224238
0.065756366
0.232759
0.06719425
0.09747313
0.24333805
0.032164052
0.07809585
0.17409916
0.06866415
0.2432964
0.13558325
0.24052535
0.1521571
0.05228205
0.14890108
0.14085966
0.06954235
0.24064101
0.10601956
0.04864931
0.088978976
0.11027202
0.059626535
0.009640172
0.065676644
0.07979046
0.01926975
0.1015794
0.21956746
0.09879856
0.11433889
0.21996254
0.06767425
0.22800066
0.077624336
0.051194444
0.18601215
0.07541497
0.11488095
0.12944238
0.041851774
0.045727342
0.09291035
0.12747376
0.16991505
0.057182446
0.23743847
0.22085887
0.070304185
0.049575686
0.054820895
0.19635607
0.09969959
0.13680938
0.2452022
0.16026472
0.20440125
0.19718295
0.18306376
0.018618196
0.23621075
0.06582619
0.0975268
0.0047888756
0.23281863
0.1033432
0.21477129
0.019289866
0.22941847
0.16735215
0.048459455
0.023091331
0.119635195
0.223881
0.16811539
0.10783504
0.011740431
0.04086417
0.08654393
0.20104837
0.19151399
0.17879038
0.16413604
0.14035441
0.08026877
0.0040435046
0.053401604
0.06017843
0.015533581
0.028977692
0.081418425
0.23640263
0.071015
0.08225499
0.24074923
0.16656269
0.060847268
0.22158214
0.11244385
0.1046633
0.04317999
0.10450421
0.20423374
0.15357138
0.17802206
0.077294156
0.18619078
0.043688416
0.07041091
0.09582162
0.19774805
0.22257558
0.15964513
0.10935265
0.21887738
0.11618385
0.07902491
0.16993885
0.0237367
0.17200637
0.16458474
0.13797347
0.0036135763
0.14791052
0.13025899
0.022850528
0.21340932
0.03661695
0.09615363
0.09584688
1.7040968E-4
0.17517135
0.014748186
0.15739642
0.045750007
0.14561032
0.12134682
0.11003858
0.088075966
0.008066893
0.112639666
0.13135177
0.23574395
0.0804137
0.15431198
0.14313903
0.24981196
0.19022791
0.2220173
0.16668013
0.17033862
0.1303135
0.052259877
0.18182778
0.15601209
0.06957118
0.22164187
0.13558125
0.095314786
0.1569075
0.23613262
0.17415433
0.23125225
0.19877505
0.0114041865
0.24975765
0.1574635
0.03638868
0.20152271
0.13778444
0.23727517
0.10863428
0.16534404
0.22292702
0.18424816
0.052043736
0.17757085
0.09022057
0.22030622
0.14222904
0.13760485
0.003023684
0.037476808
0.008030832
0.022870347
0.18857718
0.080494106
0.0029307306
0.1812745
0.12976086
0.058417574
0.1794957
0.06776656
0.21087644
0.034449667
0.20466803
0.12370509
0.11526619
0.029261485
0.0033916682
0.02186419
0.013027608
0.10635802
0.21858889
0.039609447
0.22035709
0.2098694
0.14898793
0.0140410215
0.105662435
0.24920344
0.03628014
0.17500009
0.1066879
0.119335964
0.036982954
0.06981616
0.0128216
0.015273914
0.11604406
0.20086601
0.08547975
0.06906159
0.0013828725
0.10753147
0.10012187
0.11430091
0.24538137
0.015375569
0.056834772
0.017744109
0.10886252
0.10047944
0.09348111
0.21834283
0.23979364
0.11734857
0.23974009
0.10898499
0.16619492
0.1568463
0.05073759
0.24483411
0.10529266
0.041758493
0.18178275
0.019050732
0.15751734
0.16313882
0.09757286
0.07309978
0.06959322
0.2301057
0.05932559
0.23573811
0.009695947
0.06962374
0.04603173
0.22507386
0.23486494
0.0046449453
0.1834346
0.10926303
0.1858575
0.1182334
0.07863057
0.21796282
0.023132876
0.025655985
0.16420247
0.21262534
0.15427624
0.07437676
0.0035545677
0.07515901
0.07394123
0.23521315
0.106278315
0.22199826
0.022235125
0.07414442
0.16676718
0.11183649
0.06273253
0.07924022
0.011392817
0.17734903
0.062225044
0.037507057
0.19498932
0.093350545
0.03754525
0.0020293891
0.24945846
0.10971786
0.2409025
0.22628105
0.08945379
0.19781506
0.071095645
0.07385796
0.028428242
0.124365926
0.18959469
0.19287087
0.044099286
0.1490452
0.045084834
0.1428546
0.24451245
0.10834855
0.07882334
0.07209705
0.2234417
0.17243075
0.22366013
0.09684616
0.17858137
0.036977872
0.0783124
0.1637796
0.10474399
0.06424457
0.18336008
0.17955956
0.22162282
0.13611041
0.24825114
0.038170904
0.11630431
0.15439233
0.1475856
0.07825771
0.16197704
0.16622745
0.067203924
0.21981783
0.18869087
0.033674672
0.07466461
0.18665624
0.04973747
0.07987261
0.10698895
0.11798252
0.22857517
0.10925941
0.21991612
0.047797814
0.019184336
0.016168714
0.11509286
0.023361698
0.17544903
0.096251205
0.08376941
0.24645352
0.19840913
0.034856766
0.21074441
0.18151897
0.20995912
0.19899769
0.16995738
0.1995758
0.21639146
0.15758342
0.041639894
0.18318038
0.09885165
0.23308606
0.06007816
0.13634475
0.08170588
0.17600848
0.0844942
0.18034245
0.08559264
0.037860468
0.21340735
0.06643036
0.10376473
0.054712847
0.05408603
0.2450036
0.16761364
0.22973035
0.12374309
0.20623499
0.05704406
0.101857215
0.11227198
0.03425294
0.040830374
0.14854188
0.008279681
0.168086
0.2010933
0.15207587
0.24056369
0.06143774
0.1895911
0.002848938
0.067030475
0.21661606
0.06429523
0.054184973
0.007293731
0.0481786
0.055534184
0.2250469
0.035158634
0.059898347
0.07732135
0.030943274
0.023139954
0.046113715
0.18196899
0.15402238
0.0047249496
0.22029679
0.20301886
0.22932388
0.13683492
0.02042666
0.2013412
0.12122364
0.066824794
0.021446422
0.15306896
0.007538751
0.12625594
0.12944902
0.012103915
0.075870976
0.21986134
0.13329653
0.10817197
0.20940328
0.038773075
0.015927523
0.22788778
0.046403274
0.2047906
0.18672939
0.06774366
0.107537
0.1787263
0.04590714
0.22624823
0.24819668
0.2135736
0.20290977
0.04714778
0.10436629
0.02921018
0.09060502
0.12646551
0.012092665
0.022784695
0.23022588
0.06534383
0.16392905
0.12996292
0.14513685
0.03588219
0.17433798
0.030349389
0.14344944
0.2234944
0.058076456
0.11308886
0.065505564
0.17208616
0.13616528
0.16972415
0.035573334
0.16555575
0.0978252
0.22358714
0.23187439
0.24388076
0.22043309
0.24247974
0.02267699
0.085165545
0.08433464
0.2222164
0.01181905
0.007431954
